103 70
200 120
303 164
408 196
511 229
600 256
704 277
807 298
904 315
1007 339
1108 355
1207 378
1309 400
1401 413
1507 433
1608 465
1704 484
1809 501
1901 519
2001 538
2100 562
2204 580
2304 594
2411 612
2502 627
2608 664
2705 696
2811 729
2912 756
3012 779
3100 797
3214 820
3309 843
3404 873
3508 916
3606 949
3713 989
3813 1023
3911 1047
4008 1078
4102 1100
4202 1136
4301 1163
4401 1189
4509 1221
4605 1249
4702 1270
4801 1289
4900 1309
5005 1345
5109 1385
5212 1411
5307 1436
5407 1467
5503 1486
5609 1505
5711 1522
5808 1550
5900 1570
6002 1603
6101 1623
6205 1643
6302 1672
6400 1708
6500 1743
6601 1779
6706 1816
6801 1845
6901 1869
7004 1903
7106 1932
7200 1961
7300 1990
7400 2027
7506 2053
7605 2077
7709 2104
7814 2128
7913 2147
8005 2168
8102 2187
8204 2208
8302 2226
8409 2248
8507 2273
8610 2290
8703 2309
8808 2335
8908 2354
9013 2375
9101 2387
9204 2399
9304 2413
9407 2435
9500 2446
9601 2463
9702 2479
9802 2499
9903 2514
10002 2535
10105 2564
10202 2590
10302 2614
10403 2626
10509 2652
10602 2672
10712 2690
10803 2700
10902 2721
11000 2746
11108 2766
11215 2787
11313 2797
11409 2818
11501 2831
11617 2852
11706 2869
11808 2885
11903 2895
12002 2909
12103 2926
12213 2937
12304 2943
12401 2966
12508 2986
12602 2996
12702 3007
12813 3029
12904 3044
13001 3053
13114 3072
13204 3085
13300 3096
13400 3110
13500 3123
13612 3139
13713 3155
13806 3174
13900 3186
14009 3198
14110 3215
14210 3226
14303 3237
14410 3249
14511 3261
14611 3273
14709 3287
14810 3299
14907 3310
15009 3325
15112 3347
15208 3364
15310 3379
15401 3390
15507 3399
15606 3414
15705 3430
15816 3439
15905 3451
16005 3464
16112 3477
16203 3490
16302 3506
16400 3513
16500 3525
16606 3547
16701 3567
16813 3590
16902 3602
17009 3618
17111 3635
17208 3644
17315 3657
17407 3665
17500 3670
17607 3682
17708 3690
17810 3705
17908 3718
18002 3724
18104 3730
18210 3738
18304 3750
18404 3759
18505 3772
18615 3782
18709 3797
18806 3808
18904 3822
19006 3830
19106 3839
19209 3857
19300 3860
19414 3875
19510 3887
19608 3898
19702 3911
19802 3922
19910 3930
20000 3943
20106 3952
20209 3958
20310 3970
20405 3983
20511 3999
20605 4010
20700 4020
20813 4034
20900 4040
21006 4053
21110 4063
21214 4073
21316 4089
21403 4104
21505 4117
21610 4129
21714 4150
21807 4156
21907 4168
22008 4183
22109 4194
22203 4206
22307 4226
22409 4231
22509 4234
22605 4245
22703 4253
22801 4267
22905 4282
23000 4294
23107 4311
23211 4319
23311 4327
23403 4338
23509 4350
23606 4359
23705 4369
23801 4382
23909 4390
24013 4400
24102 4408
24208 4418
24312 4428
24412 4435
24500 4446
24600 4464
24703 4474
24808 4482
24911 4488
25004 4496
25105 4509
25201 4525
25313 4533
25412 4549
25505 4556
25606 4559
25706 4564
25800 4580
25900 4589
26000 4597
26106 4608
26211 4617
26315 4625
26404 4636
26509 4647
26603 4658
26713 4671
26802 4677
26900 4693
27009 4704
27100 4715
27203 4727
27314 4741
27407 4753
27501 4763
27605 4775
27711 4789
27801 4802
27903 4808
28010 4817
28108 4833
28207 4843
28301 4852
28410 4864
28501 4878
28615 4889
28713 4893
28810 4900
28903 4904
29005 4912
29111 4918
29203 4921
29312 4926
29406 4934
29510 4942
29601 4952
29702 4960
29802 4969
29901 4981
30003 4990
30104 5001
30201 5009
30310 5022
30406 5031
30504 5040
30600 5055
30705 5071
30807 5088
30909 5095
31004 5104
31107 5114
31202 5123
31308 5136
31408 5150
31501 5164
31606 5172
31704 5187
31809 5204
31905 5216
32007 5235
32101 5256
32211 5281
32302 5300
32401 5316
32506 5336
32608 5348
32706 5363
32806 5370
32908 5385
33000 5394
33104 5414
33201 5434
33304 5454
33407 5465
33500 5474
33610 5484
33710 5498
33800 5507
33901 5515
34008 5521
34107 5532
34208 5544
34307 5551
34404 5561
34509 5573
34608 5583
34713 5589
34806 5594
34901 5604
35001 5616
35110 5628
35208 5634
35315 5647
35401 5655
35502 5665
35601 5682
35705 5700
35801 5723
35911 5733
36003 5739
36111 5746
36202 5753
36311 5774
36405 5784
36509 5793
36601 5800
36701 5807
36801 5818
36907 5830
37007 5838
37111 5853
37205 5860
37307 5872
37414 5890
37515 5900
37610 5911
37712 5916
37800 5924
37909 5931
38005 5936
38104 5940
38209 5944
38302 5949
38400 5956
38510 5974
38612 6009
38700 6021
38806 6025
38910 6033
39011 6037
39101 6046
39200 6054
39302 6063
39400 6071
39501 6079
39614 6089
39703 6100
39800 6107
39906 6112
40004 6119
40101 6144
40201 6168
40303 6194
40402 6208
40501 6223
40601 6233
40704 6249
40803 6272
40908 6289
41011 6294
41102 6303
41201 6313
41310 6328
41400 6334
41510 6344
41602 6355
41709 6364
41811 6376
41908 6383
42006 6389
42117 6400
42206 6418
42312 6426
42412 6438
42500 6447
42606 6458
42713 6466
42802 6477
42900 6486
43010 6494
43108 6497
43201 6508
43307 6524
43407 6535
43507 6546
43608 6552
43706 6560
43811 6571
43914 6579
44010 6582
44105 6593
44206 6598
44300 6605
44413 6620
44501 6627
44610 6633
44712 6644
44806 6653
44905 6665
45004 6671
45112 6683
45211 6691
45300 6697
45400 6708
45501 6715
45606 6728
45712 6731
45806 6741
45903 6745
46001 6750
46108 6754
46201 6764
46309 6779
46402 6794
46512 6802
46602 6810
46714 6815
46812 6823
46911 6830
47008 6840
47102 6848
47210 6862
47306 6873
47403 6883
47506 6895
47604 6899
47704 6907
47813 6921
47914 6940
48006 6947
48105 6952
48209 6959
48302 6966
48405 6974
48504 6985
48608 6992
48714 6998
48800 7005
48903 7016
49000 7026
49111 7034
49212 7040
49314 7044
49404 7049
49513 7053
49607 7058
49707 7062
49809 7065
49901 7071
50011 7075
50113 7084
50205 7090
50306 7098
50405 7111
50504 7120
50607 7129
50708 7133
50803 7141
50910 7155
51016 7166
51104 7173
51203 7179
51307 7188
51405 7191
51516 7201
51603 7207
51712 7215
51801 7225
51906 7234
52007 7240
52100 7251
52207 7261
52312 7266
52414 7272
52501 7282
52606 7290
52700 7296
52810 7309
52903 7319
53007 7322
53112 7329
53210 7334
53302 7339
53411 7350
53500 7360
53602 7370
53709 7381
53802 7387
53913 7399
54007 7404
54104 7416
54203 7431
54310 7450
54411 7474
54509 7494
54601 7515
54706 7524
54809 7537
54910 7548
55002 7556
55100 7569
55214 7576
55304 7584
55411 7589
55500 7597
55612 7606
55715 7611
55801 7620
55906 7626
56005 7630
56113 7644
56207 7651
56300 7657
56412 7668
56506 7675
56611 7682
56705 7689
56804 7692
56904 7700
57001 7707
57115 7714
57200 7721
57305 7729
57410 7734
57503 7744
57612 7747
57703 7750
57800 7761
57901 7768
58000 7777
58100 7781
58202 7789
58303 7798
58401 7806
58511 7812
58613 7826
58708 7836
58810 7839
58900 7846
59004 7854
59106 7860
59201 7863
59309 7876
59410 7884
59511 7895
59608 7909
59707 7913
59808 7919
59903 7926
60001 7932
60100 7939
60203 7951
60300 7966
60405 7972
60505 7979
60606 7985
60709 7990
60805 7994
60910 7997
61005 8001
61107 8012
61202 8016
61312 8026
61414 8035
61500 8043
61600 8051
61706 8061
61802 8070
61910 8077
62017 8083
62111 8089
62204 8095
62308 8100
62405 8103
62507 8103
62601 8108
62710 8115
62800 8124
62904 8131
63014 8137
63101 8142
63203 8147
63301 8155
63413 8161
63501 8166
63601 8173
63701 8182
63806 8190
63907 8202
64012 8212
64106 8216
64203 8222
64312 8229
64405 8234
64502 8237
64604 8242
64711 8249
64805 8258
64900 8264
65015 8271
65101 8274
65201 8280
65303 8286
65413 8290
65500 8293
65610 8299
65702 8308
65801 8315
65908 8321
66002 8331
66108 8343
66210 8348
66310 8353
66403 8359
66505 8365
66601 8370
66705 8378
66802 8382
66904 8391
67000 8397
67102 8411
67204 8414
67307 8422
67407 8428
67508 8431
67612 8437
67710 8449
67809 8453
67911 8463
68010 8469
68113 8475
68206 8480
68307 8486
68407 8496
68501 8504
68610 8515
68713 8518
68802 8524
68910 8530
69003 8546
69105 8552
69200 8561
69307 8567
69404 8573
69502 8582
69612 8589
69704 8598
69801 8603
69901 8607
70010 8611
70104 8620
70206 8625
70301 8631
70406 8638
70510 8645
70603 8652
70700 8661
70806 8670
70907 8678
71003 8686
71104 8693
71209 8703
71307 8717
71404 8724
71512 8738
71617 8745
71707 8749
71801 8758
71907 8765
72014 8773
72102 8782
72202 8791
72300 8798
72402 8803
72514 8807
72605 8813
72705 8823
72811 8829
72912 8834
73001 8841
73105 8847
73201 8854
73310 8862
73410 8871
73513 8877
73610 8884
73700 8888
73808 8894
73913 8901
74006 8906
74100 8913
74204 8924
74305 8929
74408 8934
74503 8938
74605 8946
74704 8956
74801 8964
74909 8977
75001 8983
75101 8992
75212 9004
75304 9009
75402 9016
75506 9021
75606 9026
75703 9032
75803 9036
75911 9046
76001 9058
76101 9067
76202 9075
76301 9083
76400 9090
76506 9097
76614 9103
76702 9110
76809 9121
76907 9127
77001 9132
77106 9139
77200 9142
77312 9150
77405 9154
77511 9159
77611 9168
77705 9172
77804 9182
77904 9191
78000 9203
78103 9206
78210 9212
78303 9217
78407 9220
78500 9227
78601 9230
78707 9233
78811 9238
78907 9244
79005 9252
79113 9260
79206 9265
79308 9272
79411 9276
79509 9285
79607 9293
79709 9301
79806 9312
79906 9316
80012 9318
80111 9323
80211 9330
80302 9334
80410 9342
80500 9352
80605 9357
80704 9362
80804 9366
80901 9374
81010 9382
81107 9387
81206 9391
81300 9397
81408 9401
81504 9412
81607 9420
81713 9423
81808 9435
81903 9439
82012 9441
82101 9447
82200 9451
82303 9458
82408 9462
82503 9467
82611 9479
82708 9486
82801 9493
82907 9495
83014 9499
83100 9508
83201 9518
83313 9521
83401 9522
83501 9529
83605 9531
83705 9539
83806 9546
83908 9554
84007 9559
84101 9567
84211 9571
84301 9577
84401 9583
84508 9587
84605 9595
84706 9599
84812 9603
84914 9609
85000 9619
85104 9626
85204 9638
85304 9649
85410 9658
85508 9664
85605 9667
85703 9671
85804 9675
85905 9685
86004 9695
86112 9703
86214 9707
86301 9712
86402 9720
86506 9726
86603 9729
86704 9736
86809 9745
86912 9753
87011 9755
87102 9763
87205 9772
87312 9776
87407 9789
87502 9795
87605 9804
87708 9816
87806 9819
87911 9829
88003 9834
88107 9840
88206 9845
88306 9851
88409 9852
88500 9855
88602 9862
88709 9868
88813 9876
88904 9882
89007 9888
89108 9894
89204 9896
89309 9905
89401 9912
89510 9913
89614 9919
89706 9922
89804 9929
89900 9935
90000 9946
90110 9951
90200 9963
90306 9968
90410 9969
90504 9970
90606 9975
90711 9979
90800 9980
90911 9985
91003 9988
91110 9995
91204 10000
91305 10004
91413 10013
91510 10016
91606 10020
91700 10029
91802 10038
91910 10044
92013 10046
92101 10048
92200 10054
92310 10058
92400 10067
92506 10073
92608 10084
92704 10089
92808 10095
92907 10102
93014 10108
93107 10110
93207 10113
93313 10115
93400 10119
93505 10129
93603 10132
93707 10137
93805 10150
93910 10155
94008 10161
94112 10163
94201 10166
94305 10172
94406 10178
94506 10180
94616 10184
94705 10188
94805 10192
94903 10201
95005 10212
95108 10223
95204 10227
95304 10232
95400 10239
95503 10248
95604 10259
95700 10263
95802 10268
95913 10270
96005 10274
96111 10278
96202 10280
96305 10286
96411 10290
96509 10296
96600 10305
96712 10314
96807 10319
96906 10323
97003 10332
97100 10339
97202 10344
97311 10351
97410 10356
97512 10367
97609 10376
97708 10379
97804 10382
97912 10385
98011 10392
98110 10401
98214 10406
98301 10413
98409 10414
98504 10417
98607 10425
98704 10434
98804 10436
98901 10442
99011 10447
99101 10455
99202 10467
99306 10470
99402 10473
99506 10478
99608 10488
99706 10493
99810 10499
99907 10502
100009 10506
100103 10511
100204 10515
100315 10525
100402 10527
100510 10530
100606 10532
100709 10542
100806 10550
100903 10556
101005 10563
101103 10576
101206 10580
101305 10587
101405 10590
101500 10598
101600 10603
101713 10609
101804 10613
101902 10617
102001 10619
102110 10623
102204 10630
102306 10635
102409 10639
102504 10645
102604 10651
102706 10656
102809 10661
102914 10666
103007 10670
103111 10674
103212 10679
103311 10681
103406 10685
103513 10689
103609 10695
103705 10702
103803 10708
103907 10711
104005 10716
104104 10716
104207 10719
104300 10723
104405 10727
104504 10731
104607 10735
104701 10740
104804 10745
104907 10751
105004 10754
105102 10756
105200 10760
105312 10766
105415 10772
105510 10778
105602 10779
105702 10783
105810 10785
105903 10788
106010 10797
106102 10802
106207 10806
106306 10810
106402 10815
106510 10817
106607 10820
106712 10828
106813 10832
106900 10837
107010 10844
107101 10845
107202 10848
107302 10849
107405 10853
107505 10857
107613 10863
107708 10866
107801 10870
107908 10877
108004 10883
108106 10890
108211 10895
108304 10895
108413 10900
108502 10907
108604 10912
108710 10917
108807 10919
108906 10922
109006 10930
109110 10933
109207 10938
109302 10945
109404 10950
109504 10952
109607 10955
109712 10959
109814 10963
109908 10965
110005 10970
110104 10977
110206 10985
110308 10987
110410 10994
110502 10998
110611 11006
110710 11010
110804 11017
110905 11022
111001 11025
111111 11029
111213 11035
111310 11039
111400 11042
111505 11046
111611 11051
111712 11055
111812 11057
111915 11060
112012 11066
112110 11069
112200 11073
112313 11079
112400 11082
112513 11086
112617 11092
112700 11094
112800 11104
112913 11109
113001 11109
113112 11117
113208 11121
113305 11131
113402 11139
113503 11148
113614 11153
113702 11157
113803 11162
113904 11169
114009 11175
114106 11179
114208 11181
114305 11187
114410 11198
114505 11203
114607 11208
114704 11218
114800 11231
114911 11238
115009 11243
115111 11244
115200 11249
115317 11254
115409 11257
115512 11265
115610 11267
115704 11274
115806 11278
115900 11282
116006 11284
116103 11288
116200 11293
116306 11296
116403 11299
116509 11302
116614 11305
116715 11308
116800 11310
116912 11313
117013 11320
117105 11325
117202 11330
117309 11334
117410 11341
117512 11348
117606 11351
117714 11355
117808 11356
117902 11360
118004 11365
118106 11371
118210 11375
118301 11379
118403 11381
118512 11385
118605 11387
118715 11393
118803 11397
118905 11403
119000 11411
119110 11420
119204 11427
119311 11432
119410 11436
119504 11446
119602 11450
119702 11456
119807 11462
119901 11467
120004 11472
120110 11479
120202 11485
120306 11485
120409 11491
120511 11494
120601 11495
120709 11500
120800 11507
120906 11513
121012 11516
121105 11525
121202 11529
121305 11533
121416 11537
121508 11547
121607 11551
121711 11557
121804 11560
121902 11563
122006 11570
122109 11576
122204 11581
122310 11589
122403 11590
122502 11597
122607 11604
122713 11609
122805 11613
122909 11616
123002 11620
123107 11625
123202 11631
123313 11638
123402 11649
123504 11651
123605 11656
123705 11663
123808 11674
123912 11683
124013 11691
124104 11695
124209 11706
124308 11711
124403 11718
124500 11724
124610 11737
124712 11742
124807 11744
124905 11754
125002 11762
125108 11768
125212 11770
125306 11777
125410 11781
125504 11788
125612 11792
125711 11796
125800 11799
125912 11803
126008 11813
126100 11815
126200 11821
126307 11824
126402 11826
126504 11829
126604 11829
126709 11835
126800 11836
126913 11842
127003 11846
127106 11850
127206 11856
127308 11859
127413 11863
127512 11867
127605 11871
127711 11877
127807 11883
127901 11891
128006 11894
128104 11899
128202 11902
128305 11904
128409 11911
128511 11914
128606 11918
128705 11923
128809 11929
128911 11931
129006 11933
129101 11938
129205 11944
129313 11951
129413 11954
129504 11956
129602 11962
129714 11970
129802 11977
129902 11981
130007 11986
130107 11989
130211 11993
130303 11997
130409 12003
130508 12006
130605 12011
130706 12021
130812 12027
130905 12032
131002 12036
131100 12040
131207 12046
131307 12051
131402 12054
131502 12061
131608 12067
131706 12073
131809 12077
131907 12083
132012 12087
132111 12091
132209 12100
132310 12104
132409 12108
132500 12110
132613 12114
132702 12120
132812 12124
132906 12129
133014 12133
133101 12135
133210 12139
133312 12143
133416 12146
133508 12154
133600 12156
133704 12160
133813 12163
133902 12165
134005 12169
134101 12172
134210 12179
134313 12185
134402 12189
134505 12195
134607 12203
134707 12207
134810 12217
134904 12222
135007 12231
135110 12236
135201 12238
135306 12242
135403 12250
135508 12253
135608 12256
135713 12259
135809 12266
135911 12266
136008 12269
136114 12273
136211 12279
136312 12284
136411 12288
136505 12290
136615 12294
136703 12301
136809 12305
136901 12309
137014 12311
137101 12312
137212 12318
137313 12323
137411 12327
137515 12329
137603 12332
137700 12335
137807 12339
137906 12344
138012 12349
138110 12351
138205 12352
138306 12356
138415 12361
138513 12363
138615 12364
138713 12366
138801 12370
138904 12374
139007 12379
139106 12381
139210 12383
139308 12386
139408 12391
139515 12395
139601 12402
139713 12403
139806 12404
139912 12404
140000 12410
140101 12415
140206 12426
140301 12427
140405 12428
140506 12429
140609 12430
140714 12433
140805 12436
140910 12439
141007 12441
141103 12446
141203 12451
141310 12453
141400 12456
141507 12463
141601 12465
141703 12470
141805 12475
141910 12477
142011 12489
142112 12496
142204 12499
142312 12504
142405 12507
142503 12511
142610 12511
142706 12516
142806 12520
142903 12525
143013 12529
143107 12532
143205 12535
143312 12541
143401 12549
143501 12553
143605 12557
143713 12559
143809 12560
143912 12563
144015 12564
144101 12568
144213 12570
144310 12575
144405 12582
144506 12585
144607 12588
144700 12590
144803 12593
144907 12596
145001 12601
145108 12604
145202 12607
145307 12611
145409 12618
145504 12620
145606 12624
145702 12627
145815 12632
145912 12636
146003 12638
146106 12646
146213 12650
146312 12659
146409 12665
146511 12670
146612 12672
146713 12679
146806 12680
146911 12688
147005 12695
147112 12700
147206 12708
147302 12712
147401 12715
147504 12715
147611 12719
147708 12728
147810 12736
147914 12740
148010 12745
148101 12747
148211 12751
148306 12754
148412 12766
148500 12774
148601 12778
148701 12785
148806 12791
148901 12799
149003 12802
149102 12808
149201 12814
149312 12819
149401 12821
149500 12831
149604 12835
149700 12846
149805 12849
149912 12852
150004 12856
150109 12857
150206 12860
150302 12865
150407 12875
150500 12877
150612 12881
150700 12883
150804 12887
150906 12891
151001 12898
151103 12901
151205 12903
151306 12910
151413 12923
151500 12931
151608 12940
151702 12947
151806 12957
151904 12962
152011 12973
152105 12981
152210 12988
152300 12999
152412 13004
152505 13009
152601 13016
152712 13024
152801 13029
152909 13041
153001 13049
153105 13058
153203 13067
153303 13071
153417 13074
153509 13077
153603 13083
153702 13088
153800 13091
153909 13097
154004 13106
154114 13112
154207 13118
154304 13122
154401 13128
154505 13133
154601 13139
154704 13145
154801 13149
154914 13152
155013 13158
155106 13163
155202 13167
155309 13175
155407 13179
155514 13183
155604 13186
155701 13188
155806 13193
155910 13200
156010 13206
156115 13213
156206 13217
156300 13219
156404 13225
156507 13230
156604 13236
156708 13240
156811 13242
156900 13244
157011 13246
157102 13249
157213 13251
157300 13252
157403 13253
157505 13257
157603 13262
157708 13264
157804 13271
157913 13278
158013 13281
158101 13283
158208 13285
158312 13289
158414 13292
158512 13296
158604 13302
158701 13308
158806 13317
158901 13320
159003 13324
159110 13327
159201 13331
159303 13333
159408 13336
159511 13338
159613 13346
159709 13349
159802 13357
159909 13358
160002 13360
160112 13364
160202 13364
160310 13369
160402 13372
160506 13375
160602 13380
160708 13382
160806 13385
160903 13388
161004 13391
161103 13391
161205 13394
161300 13396
161401 13398
161500 13402
161607 13407
161702 13410
161806 13413
161914 13417
162006 13420
162102 13422
162214 13426
162301 13428
162404 13431
162501 13435
162611 13441
162703 13448
162805 13449
162908 13450
163006 13453
163109 13454
163210 13461
163302 13463
163405 13464
163505 13465
163602 13471
163704 13475
163812 13479
163909 13482
164010 13488
164101 13492
164210 13500
164310 13501
164410 13506
164505 13509
164608 13521
164708 13523
164806 13531
164909 13533
165011 13537
165105 13540
165212 13547
165307 13548
165404 13554
165506 13560
165605 13563
165711 13565
165814 13566
165907 13571
166009 13573
166109 13577
166205 13579
166306 13585
166409 13586
166507 13586
166605 13590
166704 13595
166809 13596
166904 13599
167001 13605
167109 13608
167211 13613
167300 13617
167409 13620
167510 13625
167608 13629
167710 13632
167809 13637
167911 13639
168002 13640
168113 13644
168202 13648
168316 13652
168409 13653
168506 13657
168607 13659
168708 13661
168800 13661
168908 13664
169012 13665
169103 13668
169211 13671
169313 13673
169405 13674
169506 13678
169603 13683
169705 13688
169812 13693
169913 13696
170004 13700
170102 13708
170207 13712
170312 13717
170409 13723
170503 13731
170606 13742
170708 13745
170806 13747
170904 13748
171000 13750
171112 13757
171202 13761
171314 13762
171405 13762
171508 13767
171608 13770
171711 13776
171810 13781
171913 13789
172013 13798
172102 13799
172205 13803
172306 13812
172402 13814
172507 13815
172614 13824
172702 13829
172810 13831
172906 13832
173001 13835
173109 13838
173211 13845
173312 13849
173405 13854
173505 13857
173601 13862
173711 13865
173803 13870
173907 13876
174008 13876
174109 13878
174202 13879
174306 13881
174414 13884
174507 13891
174603 13893
174709 13894
174808 13899
174916 13901
175009 13902
175108 13902
175207 13903
175305 13907
175400 13911
175502 13912
175605 13913
175700 13917
175814 13921
175904 13922
176011 13929
176107 13932
176208 13936
176314 13939
176410 13943
176500 13946
176601 13947
176708 13951
176813 13953
176911 13955
177005 13956
177108 13961
177214 13965
177301 13968
177403 13971
177504 13973
177601 13976
177709 13980
177802 13981
177908 13983
178002 13983
178101 13985
178207 13989
178302 13992
178406 13992
178504 13994
178604 13998
178711 14003
178805 14006
178900 14006
179007 14009
179101 14015
179206 14022
179307 14028
179405 14035
179512 14041
179608 14044
179704 14045
179805 14048
179910 14057
180012 14061
180117 14063
180202 14065
180301 14070
180401 14074
180503 14077
180609 14090
180704 14092
180805 14096
180908 14105
181005 14113
181100 14115
181206 14117
181311 14119
181407 14121
181504 14127
181603 14134
181712 14139
181808 14144
181908 14153
182001 14156
182108 14160
182210 14161
182309 14176
182405 14184
182509 14189
182607 14191
182704 14199
182806 14202
182913 14205
183015 14208
183108 14212
183211 14218
183305 14223
183411 14231
183508 14252
183609 14259
183704 14265
183805 14271
183912 14276
184001 14279
184104 14282
184214 14287
184305 14291
184412 14296
184512 14300
184604 14301
184703 14305
184801 14307
184904 14311
185002 14316
185117 14319
185200 14322
185311 14323
185404 14327
185515 14330
185610 14334
185715 14341
185801 14342
185909 14349
186003 14350
186107 14358
186206 14362
186305 14368
186403 14370
186510 14376
186601 14378
186708 14379
186800 14382
186905 14383
187003 14383
187112 14392
187202 14397
187310 14404
187403 14412
187514 14420
187612 14427
187703 14428
187807 14437
187911 14447
188003 14457
188111 14464
188209 14467
188309 14473
188406 14475
188510 14479
188612 14487
188700 14495
188811 14499
188905 14503
189011 14510
189109 14518
189206 14530
189301 14534
189405 14543
189514 14548
189601 14555
189708 14560
189808 14567
189903 14570
190008 14575
190102 14579
190205 14581
190304 14585
190412 14591
190500 14593
190605 14598
190704 14600
190809 14604
190902 14607
191000 14611
191100 14616
191206 14617
191310 14620
191405 14623
191507 14627
191612 14632
191702 14634
191811 14636
191914 14645
192011 14646
192102 14648
192200 14651
192301 14655
192414 14660
192504 14667
192603 14680
192712 14683
192809 14685
192909 14688
193015 14690
193102 14697
193205 14704
193316 14711
193413 14716
193512 14727
193607 14735
193705 14736
193805 14740
193906 14742
194008 14746
194111 14749
194208 14751
194305 14758
194403 14763
194509 14775
194602 14793
194711 14804
194804 14814
194906 14819
195010 14824
195110 14828
195209 14831
195302 14832
195403 14837
195511 14841
195613 14844
195700 14845
195815 14847
195908 14851
196000 14857
196114 14862
196201 14869
196307 14876
196404 14881
196510 14887
196610 14893
196703 14897
196808 14901
196909 14904
197001 14907
197113 14912
197215 14917
197304 14924
197408 14927
197504 14933
197609 14936
197713 14942
197806 14947
197909 14950
198007 14954
198115 14957
198205 14960
198315 14965
198411 14971
198506 14979
198605 14989
198706 14996
198801 15000
198911 15008
199008 15011
199106 15014
199208 15018
199307 15019
199406 15021
199511 15029
199601 15036
199700 15040
199800 15044
199908 15052
200002 15054
200104 15056
200209 15061
200308 15067
200409 15070
200515 15070
200611 15075
200717 15078
200811 15086
200910 15089
201003 15094
201101 15099
201207 15100
201305 15104
201401 15107
201507 15111
201602 15115
201703 15118
201806 15121
201910 15128
202011 15138
202104 15143
202203 15146
202301 15154
202400 15159
202501 15168
202604 15185
202705 15195
202803 15214
202900 15224
203003 15232
203103 15242
203210 15252
203301 15257
203410 15264
203507 15274
203604 15296
203712 15312
203801 15321
203907 15330
204008 15341
204111 15351
204204 15358
204309 15364
204410 15370
204509 15381
204601 15385
204704 15386
204805 15386
204910 15386
205009 15389
205104 15396
205200 15399
205303 15405
205406 15413
205512 15417
205612 15422
205708 15430
205805 15434
205910 15438
206015 15443
206106 15450
206200 15456
206303 15459
206400 15466
206501 15470
206613 15477
206703 15486
206807 15491
206908 15494
207003 15501
207103 15505
207202 15510
207308 15512
207407 15522
207502 15529
207610 15530
207700 15533
207814 15535
207912 15538
208012 15540
208110 15546
208208 15548
208309 15554
208411 15557
208508 15560
208601 15565
208700 15568
208803 15572
208907 15573
209005 15575
209100 15576
209208 15584
209309 15589
209406 15597
209514 15598
209605 15600
209704 15602
209805 15608
209906 15615
210008 15626
210110 15632
210203 15637
210304 15642
210401 15647
210509 15652
210600 15655
210703 15660
210813 15664
210909 15669
211005 15670
211115 15682
211208 15686
211310 15692
211411 15697
211501 15703
211613 15707
211704 15715
211807 15726
211904 15731
212014 15734
212103 15737
212202 15741
212308 15743
212404 15744
212509 15746
212606 15752
212703 15756
212816 15763
212910 15768
213009 15772
213103 15776
213209 15779
213308 15782
213403 15783
213511 15786
213611 15793
213707 15799
213810 15803
213911 15809
214007 15812
214101 15814
214203 15817
214300 15821
214408 15824
214507 15827
214612 15831
214707 15835
214809 15841
214905 15848
215000 15851
215116 15854
215212 15863
215304 15867
215407 15873
215506 15881
215609 15886
215712 15891
215807 15894
215903 15898
216005 15901
216111 15914
216213 15921
216303 15924
216401 15929
216508 15935
216611 15938
216706 15940
216808 15942
216914 15946
217005 15947
217101 15951
217209 15955
217305 15962
217401 15966
217507 15970
217606 15974
217718 15978
217801 15982
217902 15983
218005 15987
218100 15992
218210 15996
218312 15998
218411 16003
218505 16006
218601 16010
218702 16012
218804 16014
218908 16017
219008 16024
219106 16031
219211 16036
219300 16041
219403 16051
219513 16058
219612 16067
219709 16070
219801 16074
219902 16083
220001 16090
220104 16099
220206 16105
220302 16110
220402 16115
220501 16119
220609 16125
220715 16129
220806 16135
220902 16140
221013 16147
221106 16151
221204 16154
221304 16156
221401 16158
221511 16160
221604 16165
221700 16168
221813 16173
221915 16181
222002 16183
222103 16190
222214 16196
222309 16203
222405 16204
222510 16211
222601 16218
222713 16223
222808 16232
222913 16238
223004 16243
223102 16248
223200 16251
223302 16253
223400 16254
223510 16258
223609 16261
223703 16263
223814 16268
223903 16271
224001 16278
224100 16280
224201 16287
224307 16292
224406 16296
224501 16303
224615 16308
224701 16310
224806 16316
224914 16322
225007 16324
225111 16330
225212 16335
225305 16342
225401 16348
225505 16352
225611 16357
225704 16362
225807 16366
225904 16367
226015 16375
226113 16378
226200 16383
226312 16386
226404 16391
226506 16391
226604 16393
226704 16398
226805 16399
226903 16406
227004 16410
227101 16416
227213 16420
227308 16424
227403 16426
227502 16430
227601 16440
227704 16449
227806 16454
227907 16462
228009 16467
228104 16473
228205 16479
228312 16488
228402 16494
228511 16501
228602 16505
228703 16516
228803 16525
228910 16526
229001 16529
229106 16529
229200 16537
229300 16541
229411 16547
229500 16548
229608 16550
229712 16554
229813 16559
229915 16560
230005 16562
230110 16566
230204 16567
230313 16569
230402 16574
230515 16577
230608 16581
230704 16581
230806 16584
230915 16586
231003 16590
231114 16597
231212 16602
231306 16604
231413 16604
231507 16604
231603 16610
231704 16614
231802 16616
231905 16619
232002 16621
232100 16626
232213 16632
232313 16636
232411 16641
232502 16645
232605 16648
232703 16654
232807 16657
232908 16663
233007 16672
233109 16678
233200 16685
233303 16692
233402 16698
233502 16706
233600 16710
233713 16716
233803 16723
233907 16724
234001 16728
234111 16731
234201 16731
234300 16733
234400 16739
234502 16742
234604 16749
234712 16751
234801 16753
234901 16754
235008 16758
235111 16761
235211 16765
235308 16772
235406 16775
235502 16779
235612 16789
235711 16794
235809 16798
235911 16804
236013 16806
236111 16812
236202 16815
236300 16817
236406 16820
236510 16822
236601 16823
236707 16827
236804 16828
236902 16831
237014 16835
237106 16839
237211 16842
237310 16847
237414 16856
237512 16858
237609 16865
237708 16869
237813 16879
237904 16881
238015 16888
238114 16891
238210 16892
238315 16897
238401 16898
238514 16904
238600 16910
238702 16912
238813 16917
238907 16921
239017 16926
239116 16932
239210 16937
239306 16938
239415 16939
239511 16942
239606 16946
239713 16951
239803 16959
239905 16963
240002 16969
240105 16971
240200 16973
240313 16977
240407 16985
240503 16986
240614 16994
240702 16997
240801 16999
240911 17006
241000 17012
241102 17018
241200 17026
241304 17029
241408 17035
241511 17039
241607 17043
241713 17049
241810 17050
241908 17055
242013 17064
242106 17069
242208 17073
242307 17076
242411 17078
242505 17084
242603 17087
242703 17088
242802 17090
242906 17095
243007 17100
243104 17104
243203 17110
243301 17117
243409 17123
243501 17133
243602 17137
243710 17141
243802 17147
243907 17155
244003 17162
244101 17171
244200 17174
244301 17176
244410 17182
244508 17184
244612 17189
244710 17193
244803 17194
244912 17198
245001 17202
245108 17211
245209 17214
245311 17222
245408 17224
245502 17225
245610 17241
245708 17243
245814 17248
245902 17251
246003 17254
246102 17256
246206 17260
246309 17263
246406 17267
246509 17273
246602 17273
246703 17277
246804 17279
246901 17283
247005 17287
247100 17290
247202 17290
247306 17294
247400 17298
247503 17302
247608 17306
247701 17309
247800 17315
247911 17315
248012 17318
248112 17322
248212 17322
248302 17325
248405 17333
248502 17336
248605 17338
248705 17339
248803 17341
248903 17344
249009 17352
249108 17363
249207 17363
249306 17366
249410 17369
249509 17374
249605 17385
249712 17390
249800 17393
249912 17400
250013 17406
250100 17410
250200 17417
250314 17424
250402 17429
250509 17439
250609 17443
250714 17447
250805 17447
250909 17451
251012 17453
251111 17456
251213 17463
251315 17467
251411 17470
251511 17472
251614 17474
251713 17476
251811 17481
251906 17486
252003 17487
252100 17489
252210 17493
252314 17497
252401 17499
252515 17501
252603 17501
252703 17504
252810 17511
252908 17514
253006 17515
253110 17525
253210 17530
253312 17536
253400 17543
253508 17548
253604 17550
253703 17553
253808 17556
253902 17560
254002 17564
254103 17565
254214 17566
254308 17567
254407 17568
254500 17578
254611 17589
254710 17591
254805 17592
254909 17597
255006 17597
255101 17605
255213 17608
255305 17610
255415 17622
255500 17623
255602 17626
255713 17630
255801 17631
255914 17634
256001 17639
256111 17642
256211 17644
256311 17652
256411 17659
256510 17662
256609 17666
256708 17671
256807 17677
256917 17685
257011 17694
257101 17697
257201 17699
257306 17700
257406 17708
257507 17710
257610 17714
257704 17718
257805 17727
257902 17729
258004 17733
258113 17739
258204 17744
258313 17753
258404 17755
258504 17758
258604 17760
258709 17764
258808 17772
258910 17776
259005 17779
259112 17786
259200 17792
259305 17798
259405 17800
259512 17807
259606 17808
259708 17811
259806 17815
259909 17820
260007 17826
260112 17832
260205 17836
260310 17841
260405 17845
260512 17849
260605 17860
260701 17866
260803 17868
260909 17870
261008 17884
261113 17893
261206 17900
261301 17903
261416 17910
261505 17914
261607 17922
261705 17924
261806 17932
261913 17935
262006 17936
262103 17943
262212 17953
262309 17972
262409 17981
262500 17989
262608 17999
262706 18003
262803 18005
262909 18010
263007 18023
263100 18026
263206 18035
263311 18042
263409 18046
263501 18054
263611 18057
263703 18066
263809 18070
263905 18073
264012 18075
264110 18080
264206 18083
264316 18086
264403 18094
264507 18099
264611 18103
264712 18107
264804 18113
264909 18125
265010 18129
265107 18137
265216 18142
265315 18146
265401 18149
265503 18154
265601 18160
265702 18164
265809 18166
265904 18168
266006 18175
266104 18179
266212 18184
266311 18188
266408 18191
266502 18193
266605 18200
266708 18208
266802 18212
266909 18220
267008 18222
267105 18225
267202 18230
267311 18233
267414 18239
267504 18241
267604 18248
267707 18253
267811 18257
267902 18263
268002 18268
268102 18269
268200 18270
268303 18274
268403 18278
268511 18287
268601 18296
268701 18305
268807 18309
268907 18312
269001 18316
269106 18323
269211 18335
269300 18341
269414 18349
269507 18351
269607 18358
269710 18362
269804 18366
269908 18370
270007 18372
270105 18377
270207 18382
270307 18384
270412 18387
270510 18391
270611 18399
270704 18403
270804 18411
270910 18415
271013 18416
271101 18424
271208 18427
271308 18432
271406 18432
271511 18436
271602 18437
271706 18440
271802 18440
271903 18443
272007 18448
272101 18451
272203 18456
272302 18464
272411 18467
272504 18471
272604 18475
272706 18478
272800 18480
272908 18481
273005 18483
273102 18488
273204 18489
273304 18492
273410 18495
273501 18499
273612 18501
273703 18503
273809 18507
273900 18508
274003 18511
274108 18511
274209 18513
274309 18517
274404 18518
274505 18522
274603 18523
274711 18529
274801 18531
274907 18535
275011 18539
275115 18544
275201 18549
275308 18552
275407 18554
275503 18559
275601 18559
275707 18562
275811 18565
275905 18570
276005 18572
276105 18575
276213 18578
276302 18584
276401 18588
276506 18589
276613 18591
276712 18595
276801 18599
276908 18601
277008 18601
277105 18607
277205 18608
277308 18612
277401 18615
277502 18622
277614 18625
277703 18629
277813 18633
277907 18639
278000 18641
278103 18644
278204 18646
278308 18653
278400 18658
278504 18661
278608 18666
278710 18671
278800 18674
278906 18675
279003 18678
279116 18680
279204 18682
279303 18684
279403 18687
279513 18691
279604 18693
279709 18697
279812 18698
279903 18699
280011 18700
280114 18708
280208 18717
280313 18724
280401 18726
280511 18726
280601 18726
280705 18726
280807 18732
280900 18738
281004 18746
281112 18751
281204 18756
281304 18759
281405 18761
281513 18764
281601 18771
281713 18777
281804 18782
281913 18788
282002 18790
282103 18792
282202 18795
282304 18802
282405 18808
282504 18813
282611 18826
282707 18832
282802 18835
282904 18838
283011 18842
283107 18848
283201 18852
283300 18855
283406 18858
283508 18863
283600 18865
283701 18869
283809 18875
283905 18880
284001 18882
284106 18884
284214 18887
284304 18890
284406 18892
284503 18895
284607 18899
284703 18902
284805 18907
284907 18914
285012 18915
285107 18918
285201 18924
285300 18927
285409 18930
285500 18935
285614 18936
285705 18937
285802 18945
285904 18950
286002 18958
286112 18962
286206 18967
286301 18973
286405 18976
286511 18978
286603 18985
286700 18988
286813 18990
286907 18992
287005 18994
287105 19000
287214 19006
287313 19010
287403 19012
287511 19017
287601 19019
287701 19026
287808 19030
287905 19032
288004 19035
288103 19038
288207 19041
288301 19043
288405 19044
288507 19047
288608 19054
288703 19057
288808 19058
288906 19068
289014 19071
289100 19071
289201 19072
289303 19076
289409 19081
289514 19082
289607 19088
289707 19098
289803 19105
289911 19113
290011 19122
290102 19128
290211 19134
290301 19137
290406 19151
290512 19155
290607 19161
290702 19164
290809 19172
290910 19177
291006 19179
291114 19185
291204 19188
291310 19191
291404 19194
291506 19199
291604 19201
291704 19205
291808 19207
291908 19208
292002 19215
292109 19216
292200 19216
292307 19219
292402 19220
292509 19221
292608 19223
292703 19223
292806 19225
292905 19228
293008 19233
293111 19237
293204 19239
293303 19241
293409 19243
293510 19247
293608 19251
293704 19254
293803 19257
293902 19260
294002 19264
294104 19269
294213 19274
294309 19278
294403 19280
294506 19282
294612 19286
294700 19290
294812 19295
294914 19300
295000 19309
295109 19312
295204 19317
295302 19317
295407 19321
295509 19323
295602 19325
295701 19326
295801 19334
295901 19336
296008 19337
296106 19342
296201 19344
296309 19347
296409 19347
296512 19350
296603 19351
296702 19354
296804 19358
296906 19360
297008 19364
297105 19366
297201 19370
297302 19375
297410 19380
297508 19381
297613 19384
297708 19385
297807 19389
297908 19391
298008 19393
298104 19396
298211 19397
298300 19401
298403 19404
298508 19410
298610 19414
298712 19415
298804 19418
298903 19422
299008 19428
299101 19429
299201 19432
299301 19437
299400 19448
299505 19454
299613 19458
299700 19463
299811 19469
299912 19470
300002 19473
300101 19478
300207 19481
300309 19486
300402 19487
300513 19490
300609 19492
300700 19495
300813 19497
300914 19500
301002 19505
301103 19507
301201 19511
301304 19516
301406 19526
301512 19531
301602 19534
301710 19539
301803 19546
301903 19553
302001 19558
302105 19561
302205 19563
302311 19566
302401 19566
302512 19569
302612 19570
302711 19571
302804 19572
302900 19573
303013 19575
303113 19577
303206 19581
303312 19586
303405 19595
303506 19599
303608 19602
303707 19603
303800 19607
303903 19612
304014 19612
304100 19612
304200 19612
304313 19615
304406 19621
304510 19622
304608 19624
304706 19626
304805 19635
304912 19639
305009 19641
305105 19642
305203 19646
305303 19647
305402 19647
305501 19649
305614 19654
305709 19662
305803 19666
305912 19673
306003 19676
306112 19681
306211 19687
306306 19689
306408 19690
306512 19699
306607 19706
306713 19709
306805 19711
306907 19715
307012 19721
307106 19730
307216 19736
307308 19739
307401 19742
307500 19743
307607 19744
307703 19751
307800 19757
307902 19761
308003 19763
308115 19767
308218 19769
308308 19772
308410 19778
308504 19786
308609 19789
308704 19795
308806 19804
308904 19812
309000 19817
309109 19820
309212 19824
309306 19828
309405 19836
309506 19843
309605 19856
309713 19862
309804 19867
309905 19871
310013 19881
310112 19886
310200 19890
310313 19896
310401 19896
310508 19897
310602 19902
310700 19906
310813 19907
310900 19912
311006 19914
311108 19919
311204 19925
311300 19927
311402 19930
311510 19934
311612 19936
311714 19939
311803 19940
311909 19944
312014 19946
312102 19949
312206 19954
312316 19955
312410 19957
312505 19961
312601 19965
312702 19976
312810 19982
312906 19983
313006 19987
313112 19988
313214 19989
313301 19993
313410 19999
313507 19999
313611 20003
313710 20006
313808 20007
313916 20018
314010 20025
314100 20031
314200 20035
314307 20038
314406 20045
314513 20053
314600 20058
314712 20062
314805 20065
314912 20067
315011 20074
315109 20085
315210 20088
315303 20094
315409 20099
315505 20105
315609 20110
315712 20114
315804 20120
315901 20120
316006 20125
316111 20129
316204 20131
316304 20138
316409 20144
316506 20151
316604 20152
316707 20155
316808 20159
316912 20161
317009 20167
317111 20167
317210 20170
317303 20179
317412 20185
317508 20192
317601 20201
317702 20204
317803 20210
317900 20217
318014 20225
318111 20232
318208 20241
318305 20249
318405 20252
318502 20253
318605 20254
318701 20260
318810 20263
318914 20268
319011 20272
319108 20275
319205 20277
319308 20279
319414 20281
319501 20285
319604 20286
319709 20289
319803 20291
319916 20299
320012 20302
320105 20304
320204 20307
320309 20311
320401 20315
320513 20318
320601 20322
320707 20325
320808 20326
320907 20332
321011 20333
321102 20336
321203 20338
321308 20343
321408 20346
321507 20348
321609 20355
321705 20355
321800 20361
321904 20367
322009 20370
322102 20374
322207 20380
322308 20391
322401 20396
322510 20400
322611 20407
322703 20409
322810 20415
322909 20419
323010 20425
323100 20426
323201 20427
323310 20430
323405 20433
323503 20434
323601 20436
323704 20442
323801 20443
323911 20446
324004 20449
324111 20449
324205 20449
324310 20452
324403 20453
324500 20458
324603 20463
324703 20464
324807 20465
324913 20467
325006 20469
325101 20475
325207 20478
325302 20485
325410 20489
325501 20499
325608 20503
325703 20513
325804 20517
325908 20525
326013 20530
326102 20535
326213 20539
326305 20540
326404 20542
326500 20552
326601 20557
326703 20564
326809 20566
326910 20568
327007 20575
327106 20583
327205 20588
327304 20589
327406 20595
327511 20600
327600 20603
327714 20609
327809 20615
327900 20621
328007 20622
328102 20624
328209 20628
328303 20631
328405 20633
328505 20635
328607 20636
328709 20637
328800 20645
328907 20645
329007 20647
329114 20650
329208 20655
329310 20658
329401 20661
329509 20664
329614 20665
329709 20669
329809 20671
329911 20677
330004 20678
330108 20680
330213 20683
330305 20685
330406 20691
330509 20692
330611 20699
330712 20704
330801 20707
330903 20709
331001 20713
331103 20718
331208 20719
331304 20726
331401 20735
331504 20744
331604 20753
331715 20758
331801 20762
331900 20767
332015 20772
332106 20776
332203 20782
332309 20783
332415 20784
332504 20786
332605 20789
332712 20792
332807 20795
332916 20797
333001 20800
333103 20802
333211 20804
333300 20806
333416 20808
333509 20812
333616 20815
333710 20817
333808 20817
333907 20817
334006 20820
334116 20822
334203 20828
334307 20830
334401 20833
334501 20836
334605 20842
334713 20847
334802 20850
334908 20851
335001 20856
335101 20859
335208 20863
335310 20863
335406 20865
335503 20877
335603 20885
335707 20891
335808 20897
335909 20899
336007 20902
336102 20907
336200 20916
336309 20922
336416 20924
336504 20926
336601 20930
336709 20934
336802 20940
336908 20946
337000 20950
337103 20957
337208 20968
337303 20973
337400 20975
337503 20981
337602 20982
337704 20984
337804 20989
337905 20995
338003 20999
338108 21003
338212 21005
338313 21008
338405 21011
338507 21016
338604 21019
338708 21021
338800 21028
338910 21036
339003 21040
339101 21045
339212 21047
339304 21052
339407 21057
339512 21059
339602 21062
339703 21064
339805 21067
339904 21070
340012 21075
340112 21080
340211 21086
340316 21087
340402 21088
340504 21091
340601 21093
340713 21101
340813 21104
340901 21107
341000 21109
341105 21111
341205 21112
341302 21115
341401 21119
341502 21125
341603 21127
341703 21131
341810 21135
341913 21137
342003 21138
342111 21141
342202 21142
342307 21145
342409 21147
342514 21150
342612 21151
342705 21154
342812 21158
342904 21163
343012 21164
343100 21169
343209 21172
343308 21174
343401 21181
343505 21183
343607 21190
343700 21196
343800 21202
343908 21205
344007 21210
344101 21216
344203 21219
344311 21223
344411 21224
344509 21226
344600 21229
344705 21232
344812 21239
344913 21243
345004 21245
345107 21253
345202 21257
345312 21263
345412 21266
345510 21270
345610 21272
345714 21274
345805 21278
345907 21280
346010 21282
346102 21285
346208 21285
346310 21286
346405 21286
346513 21289
346601 21291
346702 21296
346806 21298
346901 21301
347001 21303
347100 21305
347206 21306
347305 21308
347413 21313
347506 21314
347603 21315
347701 21318
347803 21320
347906 21321
348015 21326
348101 21329
348211 21331
348313 21333
348413 21334
348504 21341
348603 21346
348705 21347
348804 21352
348909 21355
349003 21358
349103 21361
349214 21361
349314 21366
349409 21368
349501 21368
349605 21369
349705 21375
349803 21377
349906 21385
350000 21386
350107 21389
350213 21393
350305 21398
350408 21400
350508 21404
350605 21407
350706 21410
350807 21413
350909 21418
351011 21421
351116 21426
351203 21427
351302 21430
351410 21431
351506 21434
351608 21438
351701 21440
351802 21442
351912 21445
352013 21447
352104 21451
352201 21456
352311 21458
352415 21461
352507 21463
352608 21466
352702 21469
352809 21475
352912 21480
353003 21486
353105 21497
353203 21499
353305 21503
353403 21508
353513 21510
353600 21512
353711 21516
353804 21517
353905 21517
354011 21522
354111 21527
354203 21529
354313 21534
354404 21536
354509 21543
354606 21547
354703 21551
354811 21552
354902 21555
355014 21558
355103 21561
355207 21566
355303 21569
355408 21572
355503 21575
355610 21583
355701 21587
355804 21590
355909 21592
356012 21594
356106 21596
356211 21596
356308 21599
356410 21602
356508 21606
356603 21606
356706 21608
356803 21608
356912 21612
357013 21616
357111 21623
357211 21631
357301 21633
357407 21637
357500 21639
357604 21644
357707 21648
357809 21651
357900 21654
358004 21658
358100 21665
358207 21670
358300 21673
358409 21680
358514 21685
358600 21687
358714 21691
358807 21692
358903 21694
359004 21697
359105 21704
359201 21711
359311 21718
359411 21726
359512 21726
359610 21727
359701 21727
359803 21732
359904 21732
360013 21734
360107 21738
360205 21741
360307 21741
360410 21746
360508 21749
360603 21753
360712 21760
360806 21764
360906 21768
361010 21774
361105 21775
361209 21779
361306 21782
361404 21786
361502 21790
361611 21792
361701 21799
361802 21802
361902 21805
362010 21810
362109 21812
362204 21815
362307 21817
362401 21818
362500 21818
362610 21822
362702 21827
362808 21829
362902 21832
363005 21834
363109 21836
363204 21839
363309 21844
363407 21845
363501 21850
363607 21852
363707 21855
363804 21858
363912 21863
364014 21863
364102 21867
364211 21869
364309 21872
364410 21876
364513 21880
364612 21881
364705 21883
364803 21885
364911 21886
365005 21889
365117 21889
365201 21893
365316 21896
365402 21897
365505 21897
365614 21899
365709 21902
365800 21904
365902 21912
366009 21914
366100 21919
366204 21926
366311 21927
366411 21929
366511 21931
366601 21934
366701 21934
366806 21936
366905 21936
367006 21937
367102 21941
367202 21943
367309 21946
367402 21947
367510 21947
367600 21950
367705 21951
367808 21953
367908 21955
368007 21957
368102 21959
368202 21969
368305 21976
368401 21991
368502 21991
368601 21995
368711 21997
368800 21999
368911 22003
369005 22006
369101 22010
369207 22014
369304 22022
369409 22028
369501 22029
369608 22035
369712 22036
369801 22040
369901 22043
370009 22046
370103 22047
370207 22052
370301 22057
370401 22065
370510 22068
370601 22075
370701 22082
370805 22084
370912 22090
371002 22090
371100 22093
371209 22096
371310 22106
371406 22107
371503 22109
371603 22117
371708 22120
371801 22123
371901 22124
372004 22127
372113 22127
372205 22130
372313 22133
372410 22138
372506 22140
372608 22142
372711 22142
372804 22144
372905 22147
373006 22149
373113 22150
373205 22153
373310 22157
373412 22159
373506 22162
373604 22167
373700 22167
373807 22178
373907 22180
374008 22184
374112 22186
374201 22187
374303 22189
374405 22192
374507 22198
374603 22201
374701 22204
374813 22209
374909 22211
375015 22215
375101 22217
375204 22217
375306 22221
375403 22223
375504 22224
375611 22227
375710 22230
375801 22233
375906 22235
376006 22236
376105 22239
376201 22242
376301 22243
376412 22246
376509 22248
376612 22251
376709 22255
376811 22257
376900 22257
377008 22260
377108 22263
377208 22268
377304 22271
377402 22273
377504 22277
377602 22282
377702 22286
377803 22291
377900 22295
378004 22298
378110 22301
378208 22303
378310 22311
378408 22315
378515 22317
378600 22320
378711 22322
378802 22324
378910 22327
379002 22330
379106 22336
379202 22344
379310 22348
379401 22350
379510 22353
379612 22356
379708 22359
379804 22365
379904 22371
380001 22372
380106 22377
380206 22380
380300 22381
380414 22384
380507 22385
380609 22385
380700 22386
380803 22390
380906 22395
381002 22400
381102 22404
381200 22405
381300 22410
381412 22411
381509 22417
381609 22418
381710 22423
381803 22425
381912 22428
382011 22437
382105 22441
382206 22443
382306 22447
382411 22451
382502 22457
382603 22460
382701 22464
382809 22465
382912 22466
383003 22467
383105 22473
383203 22478
383313 22478
383404 22479
383505 22482
383608 22488
383711 22492
383812 22494
383910 22497
384005 22497
384109 22499
384204 22501
384303 22504
384400 22506
384509 22513
384602 22518
384708 22529
384814 22530
384912 22533
385010 22535
385105 22540
385207 22543
385300 22544
385413 22547
385500 22549
385600 22549
385706 22553
385806 22556
385912 22561
386017 22565
386111 22569
386203 22570
386301 22573
386410 22577
386517 22583
386611 22587
386703 22590
386804 22594
386913 22605
387012 22607
387109 22609
387209 22611
387309 22613
387409 22615
387500 22615
387607 22618
387706 22619
387806 22622
387907 22624
388004 22627
388105 22635
388212 22642
388304 22643
388407 22647
388507 22650
388611 22653
388709 22656
388814 22659
388900 22662
389009 22666
389101 22670
389202 22672
389310 22677
389401 22679
389505 22681
389608 22684
389707 22688
389806 22691
389907 22693
390010 22695
390103 22697
390207 22699
390313 22702
390404 22704
390504 22706
390613 22710
390714 22710
390811 22716
390906 22722
391012 22725
391117 22727
391200 22731
391310 22733
391402 22733
391503 22735
391613 22737
391712 22737
391803 22737
391909 22743
392002 22745
392110 22747
392210 22748
392305 22750
392400 22751
392501 22753
392611 22755
392700 22756
392807 22757
392905 22759
393004 22762
393104 22764
393200 22765
393303 22765
393400 22765
393504 22765
393604 22766
393703 22768
393800 22770
393901 22772
394002 22772
394113 22773
394209 22774
394304 22775
394405 22776
394511 22777
394611 22780
394711 22786
394813 22792
394902 22797
395009 22800
395100 22800
395209 22803
395302 22805
395408 22807
395509 22810
395603 22815
395714 22818
395806 22824
395911 22826
396014 22828
396105 22828
396202 22836
396302 22840
396413 22841
396511 22844
396612 22845
396706 22847
396808 22848
396900 22854
397016 22862
397109 22866
397213 22869
397300 22871
397409 22874
397512 22882
397605 22885
397703 22888
397809 22890
397914 22898
398004 22901
398107 22909
398208 22913
398310 22922
398412 22928
398510 22931
398608 22935
398702 22941
398808 22943
398900 22948
399007 22948
399112 22951
399204 22952
399309 22956
399412 22958
399511 22962
399617 22967
399707 22968
399807 22968
399902 22971
400002 22974
400103 22980
400200 22983
400302 22988
400407 22988
400501 22990
400609 22991
400711 22991
400808 23000
400906 23006
401005 23008
401105 23012
401203 23018
401301 23020
401407 23022
401500 23025
401610 23028
401700 23030
401814 23039
401905 23043
402007 23050
402105 23061
402204 23068
402309 23073
402406 23078
402503 23085
402610 23090
402703 23094
402809 23097
402905 23100
403012 23100
403104 23104
403210 23106
403312 23106
403401 23109
403500 23111
403606 23111
403700 23111
403805 23113
403913 23113
404011 23115
404104 23117
404205 23123
404301 23127
404406 23131
404507 23135
404609 23139
404713 23144
404805 23146
404901 23148
405010 23150
405106 23156
405200 23161
405300 23162
405411 23167
405506 23171
405614 23174
405702 23174
405801 23177
405909 23180
406010 23181
406101 23184
406212 23188
406304 23190
406402 23193
406507 23196
406600 23199
406709 23203
406811 23207
406905 23211
407008 23213
407102 23215
407208 23220
407308 23221
407409 23225
407511 23231
407605 23233
407711 23239
407810 23242
407903 23244
408000 23245
408104 23245
408210 23247
408311 23252
408412 23253
408511 23254
408614 23257
408700 23261
408806 23262
408903 23263
409013 23266
409108 23268
409204 23269
409306 23270
409408 23271
409500 23273
409605 23275
409706 23275
409801 23277
409904 23278
410005 23279
410106 23282
410212 23285
410311 23287
410400 23288
410504 23293
410607 23295
410709 23298
410801 23298
410904 23299
411006 23301
411108 23303
411201 23305
411301 23309
411410 23311
411501 23323
411612 23333
411711 23337
411800 23342
411903 23345
412014 23348
412104 23351
412213 23356
412300 23358
412404 23360
412515 23362
412609 23365
412700 23369
412804 23371
412912 23373
413002 23376
413109 23377
413204 23379
413305 23380
413416 23381
413506 23383
413601 23384
413706 23386
413812 23388
413903 23392
414010 23394
414106 23397
414211 23399
414313 23405
414404 23408
414512 23410
414602 23444
414707 23480
414804 23502
414911 23525
415004 23541
415105 23558
415202 23579
415301 23596
415412 23613
415506 23623
415605 23634
415710 23650
415814 23672
415905 23681
416005 23714
416100 23731
416205 23742
416300 23768
416408 23791
416507 23809
416601 23822
416702 23844
416805 23863
416904 23888
417001 23917
417106 23944
417202 23971
417304 23998
417400 24021
417460 24034
